    0- 8 0-11 0- 3 0- 6 1- 6 1- 3 1- 9 1- 2 1-11 1- 8 1- 4 1-10 2- 5 2- 7 2-10 2- 9 3- 4 3- 7 3-10 3- 9 3- 5 3-11 3- 8 4- 9 4-11 4- 7 5- 7 5-10 5-11 5- 8 7-10 7- 9 7-11 7- 8 8- 9 9-10
 0    1    1    1    1    0    0    0    0    0    0    0    0    0    0    0    0    0    0    0    0    0    0    0    0    0    0    0    0    0    0    0    0    0    0    0    0
 1    0    0    0    0    1    1    1    1    1    1    1    1    0    0    0    0    0    0    0    0    0    0    0    0    0    0    0    0    0    0    0    0    0    0    0    0
 2    0    0    0    0    0    0    0    1    0    0    0    0    1    1    1    1    0    0    0    0    0    0    0    0    0    0    0    0    0    0    0    0    0    0    0    0
 3    0    0    1    0    0    1    0    0    0    0    0    0    0    0    0    0    1    1    1    1    1    1    1    0    0    0    0    0    0    0    0    0    0    0    0    0
 4    0    0    0    0    0    0    0    0    0    0    1    0    0    0    0    0    1    0    0    0    0    0    0    1    1    1    0    0    0    0    0    0    0    0    0    0
 5    0    0    0    0    0    0    0    0    0    0    0    0    1    0    0    0    0    0    0    0    1    0    0    0    0    0    1    1    1    1    0    0    0    0    0    0
 6    0    0    0    1    1    0    0    0    0    0    0    0    0    0    0    0    0    0    0    0    0    0    0    0    0    0    0    0    0    0    0    0    0    0    0    0
 7    0    0    0    0    0    0    0    0    0    0    0    0    0    1    0    0    0    1    0    0    0    0    0    0    0    1    1    0    0    0    1    1    1    1    0    0
 8    1    0    0    0    0    0    0    0    0    1    0    0    0    0    0    0    0    0    0    0    0    0    1    0    0    0    0    0    0    1    0    0    0    1    1    0
 9    0    0    0    0    0    0    1    0    0    0    0    0    0    0    0    1    0    0    0    1    0    0    0    1    0    0    0    0    0    0    0    1    0    0    1    1
10    0    0    0    0    0    0    0    0    0    0    0    1    0    0    1    0    0    0    1    0    0    0    0    0    0    0    0    1    0    0    1    0    0    0    0    1
11    0    1    0    0    0    0    0    0    1    0    0    0    0    0    0    0    0    0    0    0    0    1    0    0    1    0    0    0    1    0    0    0    1    0    0    0
